tensor([[0.7000, 0.0500, 0.0000, 0.2500, 0.0000, 0.0000, 0.0000],
        [0.3000, 0.2000, 0.0500, 0.2500, 0.0000, 0.2000, 0.0000],
        [0.0000, 0.0500, 0.5500, 0.0000, 0.0000, 0.4000, 0.0000],
        [0.4000, 0.0000, 0.0500, 0.4500, 0.0500, 0.0500, 0.0000],
        [0.0000, 0.0000, 0.0000, 0.0000, 0.9500, 0.0000, 0.0500],
        [0.0000, 0.0500, 0.3500, 0.0000, 0.0000, 0.6000, 0.0000],
        [0.0000, 0.0000, 0.0000, 0.0000, 0.0000, 0.0000, 1.0000]])

tensor([[0.4812, 0.0253, 0.0000, 0.1434, 0.0000, 0.0000, 0.0000],
        [0.1474, 0.0641, 0.0400, 0.1070, 0.0000, 0.0712, 0.0000],
        [0.0000, 0.0183, 0.3244, 0.0000, 0.0000, 0.1750, 0.0000],
        [0.2537, 0.0000, 0.0147, 0.1894, 0.0380, 0.0176, 0.0000],
        [0.0000, 0.0000, 0.0000, 0.0000, 0.7898, 0.0000, 0.0375],
        [0.0000, 0.0142, 0.2597, 0.0000, 0.0000, 0.2913, 0.0000],
        [0.0000, 0.0000, 0.0000, 0.0000, 0.0000, 0.0000, 0.9969]])

accuracy: 0.6357142861400332
