tensor([[0.3500, 0.1500, 0.0000, 0.5000, 0.0000, 0.0000, 0.0000, 0.0000],
        [0.0500, 0.8000, 0.0000, 0.1500, 0.0000, 0.0000, 0.0000, 0.0000],
        [0.0000, 0.5000, 0.2000, 0.3000, 0.0000, 0.0000, 0.0000, 0.0000],
        [0.0000, 0.0769, 0.0000, 0.9231, 0.0000, 0.0000, 0.0000, 0.0000],
        [0.0000, 0.0000, 0.0000, 0.0556, 0.6667, 0.2222, 0.0556, 0.0000],
        [0.0000, 0.1000, 0.0000, 0.1000, 0.1000, 0.6000, 0.1000, 0.0000],
        [0.0000, 0.0000, 0.0000, 0.0526, 0.2105, 0.0526, 0.6842, 0.0000],
        [0.0000, 0.0000, 0.0000, 0.0000, 0.0000, 0.0000, 0.0000, 1.0000]])

tensor([[0.1782, 0.0708, 0.0000, 0.2650, 0.0000, 0.0000, 0.0000, 0.0000],
        [0.0302, 0.7172, 0.0000, 0.0755, 0.0000, 0.0000, 0.0000, 0.0000],
        [0.0000, 0.2444, 0.1036, 0.1978, 0.0000, 0.0000, 0.0000, 0.0000],
        [0.0000, 0.0326, 0.0000, 0.6775, 0.0000, 0.0000, 0.0000, 0.0000],
        [0.0000, 0.0000, 0.0000, 0.0289, 0.4071, 0.1068, 0.0155, 0.0000],
        [0.0000, 0.0472, 0.0000, 0.0295, 0.0445, 0.4206, 0.0283, 0.0000],
        [0.0000, 0.0000, 0.0000, 0.0278, 0.0994, 0.0279, 0.3522, 0.0000],
        [0.0000, 0.0000, 0.0000, 0.0000, 0.0000, 0.0000, 0.0000, 0.8568]])

accuracy: 0.6529942732304335
