tensor([[0.7500, 0.0000, 0.1500, 0.1000, 0.0000, 0.0000, 0.0000, 0.0000],
        [0.0500, 0.8000, 0.0500, 0.1000, 0.0000, 0.0000, 0.0000, 0.0000],
        [0.1000, 0.0000, 0.8000, 0.1000, 0.0000, 0.0000, 0.0000, 0.0000],
        [0.0769, 0.0769, 0.0000, 0.8462, 0.0000, 0.0000, 0.0000, 0.0000],
        [0.0000, 0.0000, 0.0000, 0.0556, 0.5556, 0.3333, 0.0556, 0.0000],
        [0.0000, 0.0000, 0.0000, 0.1000, 0.1000, 0.7000, 0.1000, 0.0000],
        [0.0000, 0.0000, 0.0000, 0.0526, 0.2105, 0.1579, 0.5789, 0.0000],
        [0.0000, 0.0000, 0.0000, 0.0000, 0.0000, 0.0000, 0.0000, 1.0000]])

tensor([[0.3745, 0.0000, 0.0531, 0.0555, 0.0000, 0.0000, 0.0000, 0.0000],
        [0.0302, 0.6430, 0.0163, 0.0321, 0.0000, 0.0000, 0.0000, 0.0000],
        [0.0472, 0.0000, 0.4109, 0.0416, 0.0000, 0.0000, 0.0000, 0.0000],
        [0.0538, 0.0326, 0.0000, 0.6660, 0.0000, 0.0000, 0.0000, 0.0000],
        [0.0000, 0.0000, 0.0000, 0.0289, 0.3804, 0.1576, 0.0183, 0.0000],
        [0.0000, 0.0000, 0.0000, 0.0216, 0.0654, 0.4963, 0.0432, 0.0000],
        [0.0000, 0.0000, 0.0000, 0.0278, 0.1006, 0.0756, 0.2997, 0.0000],
        [0.0000, 0.0000, 0.0000, 0.0000, 0.0000, 0.0000, 0.0000, 0.9376]])

accuracy: 0.7538321018218994
