tensor([[0.9000, 0.0000, 0.0000, 0.1000, 0.0000, 0.0000, 0.0000],
        [0.0500, 0.7500, 0.0500, 0.1500, 0.0000, 0.0000, 0.0000],
        [0.0000, 0.0000, 0.9000, 0.0500, 0.0000, 0.0500, 0.0000],
        [0.0000, 0.0000, 0.0500, 0.9500, 0.0000, 0.0000, 0.0000],
        [0.0000, 0.0500, 0.0000, 0.0000, 0.9500, 0.0000, 0.0000],
        [0.0000, 0.0000, 0.0000, 0.0000, 0.0000, 1.0000, 0.0000],
        [0.0000, 0.0000, 0.0000, 0.0000, 0.0000, 0.0000, 1.0000]])

tensor([[0.7357, 0.0000, 0.0000, 0.0350, 0.0000, 0.0000, 0.0000],
        [0.0236, 0.3921, 0.0199, 0.0511, 0.0000, 0.0000, 0.0000],
        [0.0000, 0.0000, 0.7013, 0.0131, 0.0000, 0.0160, 0.0000],
        [0.0000, 0.0000, 0.0137, 0.4407, 0.0000, 0.0000, 0.0000],
        [0.0000, 0.0195, 0.0000, 0.0000, 0.7787, 0.0000, 0.0000],
        [0.0000, 0.0000, 0.0000, 0.0000, 0.0000, 0.6548, 0.0000],
        [0.0000, 0.0000, 0.0000, 0.0000, 0.0000, 0.0000, 0.7169]])

accuracy: 0.9214285612106323
