tensor([[1.0000, 0.0000, 0.0000, 0.0000, 0.0000, 0.0000, 0.0000, 0.0000],
        [0.0000, 1.0000, 0.0000, 0.0000, 0.0000, 0.0000, 0.0000, 0.0000],
        [0.0000, 0.0000, 0.9000, 0.1000, 0.0000, 0.0000, 0.0000, 0.0000],
        [0.0000, 0.0000, 0.0000, 1.0000, 0.0000, 0.0000, 0.0000, 0.0000],
        [0.0000, 0.0000, 0.0000, 0.0000, 0.8333, 0.1111, 0.0556, 0.0000],
        [0.0000, 0.0000, 0.0000, 0.0000, 0.3000, 0.7000, 0.0000, 0.0000],
        [0.0000, 0.0000, 0.0000, 0.0000, 0.3158, 0.0000, 0.6842, 0.0000],
        [0.0000, 0.0000, 0.0000, 0.0000, 0.0000, 0.0000, 0.0000, 1.0000]])

tensor([[0.8596, 0.0000, 0.0000, 0.0000, 0.0000, 0.0000, 0.0000, 0.0000],
        [0.0000, 0.9214, 0.0000, 0.0000, 0.0000, 0.0000, 0.0000, 0.0000],
        [0.0000, 0.0000, 0.7168, 0.0397, 0.0000, 0.0000, 0.0000, 0.0000],
        [0.0000, 0.0000, 0.0000, 0.7392, 0.0000, 0.0000, 0.0000, 0.0000],
        [0.0000, 0.0000, 0.0000, 0.0000, 0.6929, 0.0575, 0.0339, 0.0000],
        [0.0000, 0.0000, 0.0000, 0.0000, 0.1568, 0.5202, 0.0000, 0.0000],
        [0.0000, 0.0000, 0.0000, 0.0000, 0.1991, 0.0000, 0.4877, 0.0000],
        [0.0000, 0.0000, 0.0000, 0.0000, 0.0000, 0.0000, 0.0000, 0.9387]])

accuracy: 0.8896929770708084
