tensor([[0.7500, 0.0500, 0.0000, 0.1500, 0.0500, 0.0000, 0.0000],
        [0.2000, 0.2000, 0.1000, 0.4500, 0.0500, 0.0000, 0.0000],
        [0.1000, 0.1000, 0.4500, 0.0000, 0.0500, 0.3000, 0.0000],
        [0.4500, 0.0500, 0.0000, 0.5000, 0.0000, 0.0000, 0.0000],
        [0.0500, 0.0000, 0.0000, 0.0000, 0.9000, 0.0000, 0.0500],
        [0.0500, 0.0500, 0.3000, 0.0500, 0.0500, 0.5000, 0.0000],
        [0.0000, 0.0000, 0.0000, 0.0000, 0.0000, 0.0000, 1.0000]])

tensor([[0.4684, 0.0297, 0.0000, 0.0923, 0.0320, 0.0000, 0.0000],
        [0.0590, 0.0852, 0.0612, 0.2158, 0.0135, 0.0000, 0.0000],
        [0.0245, 0.0302, 0.2778, 0.0000, 0.0171, 0.1345, 0.0000],
        [0.2359, 0.0167, 0.0000, 0.2269, 0.0000, 0.0000, 0.0000],
        [0.0164, 0.0000, 0.0000, 0.0000, 0.8339, 0.0000, 0.0375],
        [0.0123, 0.0228, 0.2196, 0.0137, 0.0255, 0.2524, 0.0000],
        [0.0000, 0.0000, 0.0000, 0.0000, 0.0000, 0.0000, 0.9895]])

accuracy: 0.6142857096024922
